862754
936487
362958
854792
253687
326859
765439
253764
964387
495873
468253
329875
364729
462857
475963
354987
694825
985264
594387
643879
639584
264738
975468
287593
397546
738426
865397
254986
963584
764293
273659
538427
697258
854976
542937
594326
293546
859276
948726
472695
743965
493285
796584
726394
247395
425386
647382
682573
286493
428735
832597
582473
798426
297468
583629
254837
746352
697583
936548
428537
365729
954268
475293
752869
649372
985764
875364
537628
549736
653297
728536
725436
832697
439865
583792
527643
653748
927635
976482
325469
962547
763948
794258
695427
485726
879354
942863
246859
854793
738692
369542
382764
932854
465827
857263
635794
359487
387592
536497
932764
539874
496258
429638
253947
964325
768329
836524
283549
397642
379842
498527
374296
654392
398264
586492
259643
596837
437625
328794
798632
352846
832495
924735
729543
965742
247985
437528
935826
852946
695482
965837
739624
624395
968735
468259
725984
684729
385964
857692
653294
764852
857426
527649
975328
269473
375968
926438
264835
682974
796853
463257
387694
263875
327984
693582
274963
842735
376425
592647
397542
658473
296584
597283
637248
953627
279364
768529
875946
943627
268375
682743
296354
928465
249765
439762
832695
976538
637958
827659
835729
428365
584693
953264
246597
439872
793526
293685
635948
295438
684927
829763
853647
685729
825437
584629
732586
975832
829573
269748
476982
795246
695387
654832
376598
357462
983572
736485
259643
732865
432985
384657
865274
435972
247386
579632
285793
798362
732594
398726
924637
753862
928475
283594
952863
594738
754269
439875
875296
573692
963854
724938
468792
637954
468735
957284
946258
738529
685947
284739
275364
732846
293754
249635
365287
984763
243976
752869
542973
937684
654872
583274
958364
849375
754682
439826
497286
693728
829437
649852
763948
685374
763295
532694
265738
597382
498632
374629
936258
498637
875943
752496
947583
837495
269583
935768
586327
693842
965732
826937
532948
865739
947253
932748
854973
876294
952438
749853
275384
529873
628749
695837
269875
946275
486597
857429
386972
847625
372958
875293
683274
637924
375962
863249
738496
953762
684975
826497
475926
832546
647398
795426
857243
437985
972586
659847
598643
243697
397548
532846
485369
279548
724859
625739
627539
574692
358746
369248
769842
759246
865374
653724
729635
392476
372586
753246
296843
639824
942583
964827
487632
736859
475986
286573
752843
643752
426983
796582
297463
857962
964385
652948
829354
843527
479268
243976
627948
847593
658293
392468
743685
394275
264358
639827
875926
384975
298546
547938
287536
937285
826497
473859
362587
659437
365492
836497
496872
293647
657394
796532
984735
532496
325864
852937
976542
497286
954873
327985
642795
596287
682479
857264
392758
586394
254386
963285
653279
487695
736982
728493
926854
246875
372869
963524
472983
583729
758324
698547
536492
685327
926837
427958
574293
462853
836472
732596
793584
965743
659248
639827
287654
753698
372695
257963
735826
985264
497682
843276
279368
972463
273684
268359
329547
475328
259483
465327
684392
358749
543728
427698
587263
352849
592638
962584
249863
276398
469387
547293
369847
927638
249687
768359
597486
526837
837542
794682
486975
493628
529687
497385
653742
647392
795462
795843
476298
825763
873549
865937
839724
576498
296374
269873
295436
376295
574362
635987
527468
965382
748365
547639
395724
652798
584927
836942
583964
958736
724659
596387
392874
953748
835247
639258
476385
586329
496375
427658
438695
869425
369852
638749
874952
742639
682437
735928
329468
482593
768325
847529
973248
487329
874325
468539
276438
769248
947532
328469
632975
532746
836942
269583
539842
986573
936487
392865
469825
972654
536287
924357
425986
824753
762538
827643
365847
492653
862573
964352
984253
683794
938265
952684
583276
463287
359428
928543
387295
357926
987652
586974
754382
394276
586437
486927
936874
769352
486572
692573
249683
468397
358792
328496
264873
946273
385297
742985
935427
652987
548629
752693
876295
643297
294768
546273
875932
285946
729683
832794
427358
725483
627953
483265
768425
593687
265438
263847
749865
763592
957483
479385
524768
847253
629435
273586
287465
627395
476392
394627
865927
698357
628394
269485
843925
482537
948375
746935
935872
248536
253847
843572
248765
842937
643985
654879
283654
496825
546328
986524
874652
983724
398762
539286
426937
258479
495736
598462
496382
873265
592643
943875
362985
857392
594862
876439
264983
495268
425976
643985
846527
462873
357946
397684
658394
948263
873694
426375
593726
329648
398254
869275
796358
765249
465873
986574
269873
847692
948325
475396
254368
987624
763598
594273
365429
972846
847963
732869
973246
687492
243685
248365
298476
825739
648325
976528
736529
749836
687249
329486
735469
952438
926874
628754
249538
879465
743965
283749
426583
635987
876352
753682
637528
687254
698254
632975
836475
359842
362475
465927
468279
285394
698357
527364
749532
247386
635829
328574
683725
649837
854629
384269
437952
682953
758642
976358
854692
736485
698375
296853
297465
298763
827593
624937
643725
382694
968432
264739
582697
369842
763942
869327
247385
465983
842963
835769
537982
473586
684925
863725
574869
398765
862975
493658
527938
429387
936482
924368
462837
374829
498372
579428
584326
327486
482653
947538
536984
387296
426879
576924
436297
483725
643579
754982
572463
465982
642958
754983
869752
762593
847625
374695
436298
576249
596432
749683
936428
327654
648752
762938
497265
798632
485972
357624
395762
765928
692748
968543
857329
357264
483652
254837
965832
543962
832794
852937
624983
524736
293547
438529
876259
798352
629573
368547
794265
364728
327694
329687
874326
265839
587392
942873
985437
354627
764853
637524
875469
793862
642573
583947
542738
263597
324986
798435
738592
265398
695482
538279
632984
872695
376594
325846
573942
724985
536247
768592
937648
327548
365794
586379
468293
247639
468793
879436
298764
439627
359274
829375
528479
529864
986437
257943
627935
427683
853942
329765
592638
597462
874926
765483
827469
247586
753964
643528
972654
392475
873249
972438
479586
326954
483975
429368
384269
728365
354297
659432
684739
859273
837649
435826
852439
497526
872496
796384
627953
246385
643592
284795
637298
394862
374698
639842
632495
496328
742583
286975
263874
946872
639742
984275
957463
973824
863975
659387
438792
273546
574286
952864
286547
549863
369574
376428
695743
475296
725864
948536
975243
794653
876593
968573
385724
483297
476825
376529
729654
579246
852937
987263
965428
354698
469327
576394
328496
487269
968374
964275
982763
524968
768592
354769
254638
274396
362754
325798
268493
864395
498532
572496
526387
874329
792685
329584
293654
658437
596273
765432
498257
792683
492736
493582
946875
758294
435297
275846
483576
425796
439628
687953
298657
287365
697524
396472
365742
385269
758362
849653
579846
369275
942837
543986
732964
872965
538496
736258
473268
958473
376495
265437
368275
284375
985472
376482
362954
732865
426397
249658
283574
486372
284653
647298
524697
938652
463728
593728
624375
